
% State of the next one is the state of the previous after the maneuver

%% First
R0 = [-5.618445118318512e+005;  -1.023778587192635e+006;  -1.522315532439711e+005];  
V0 = [5.343825699573794e-001;  -2.686719669693540e-001;  -1.145921728828306e-001];
init_epoch = 958.910668311133e+006;
final_epoch = 9.669336233859944e+08;

dV1 = [0.0132567757055320;-0.0162165135037194;0.00404055680235709];

%% Second
R0 = [1485355.89407377;-657437.430857378;-680702.730160822];  
V0 = [-0.0177608431616096;-0.000773147509994232;-0.00145836845998663];
init_epoch = 9.669336233859944e+08;
final_epoch = 9.747785824574080e+08;

dV2 = [-0.000780848477937322;0.00185419489886210;-0.00724680203763881];

%% Third
R0 = [571811.747512497;774517.219059493;617422.027378822];
V0 = [-0.542848811655146;0.286093886755300;0.124779665469919];
init_epoch = 9.747785824574080e+08;
final_epoch = 9.824282892139630e+08;

dV3 = [0.00254415412213867;-0.00292144414696504;0.00770244866114741];

%% Fourth
R0 = [-1446499.46557743;938268.510006915;20857.1677199416];
V0 = [0.0118708612264456;0.00736851028027227;0.00415106739099202];
init_epoch = 9.824282892139630e+08;
final_epoch = 9.902740562588227e+08;

dV4 = [-0.00162687225052243;-0.00312491482142916;-0.00808871229278551];

%% Fifth

R0 = [-605508.351573334;-1010118.49107567;-148970.871901141];
V0 = [0.511419052035519;-0.288443588312689;-0.126206010372073];
init_epoch = 9.902740562588227e+08;
final_epoch = 9.982926960772327e+08;

dV5 = [-0.00292347011146131;-0.00338614109574762;0.00835218288400760];


%% Sixth
R0 = [1441833.49863226;-714815.871991014;-698411.798979973];
V0 = [-0.00182172446119993;-0.00776013937767832;-0.00267356561036046];
init_epoch = 9.982926960772327e+08;
final_epoch = 1.006143220823986e+09;
dV6 = [-0.00234439794209358;-0.00239804821203765;-0.00874185935583752];

%Final_state:
final_state = [619846.706580925;756680.040308965;606863.971579115;...
    -0.517123112254920;0.320457854664612;0.139325166744370];



%%%% FOR INTEGRATORS

%% ODE45
% FIRST
R0 = [-5.618445118318512e+005;  -1.023778587192635e+006;  -1.522315532439711e+005];  
V0 = [5.343825699573794e-001;  -2.686719669693540e-001;  -1.145921728828306e-001];
init_epoch = 958.910668311133e+006;
final_epoch = 9.669336233859944e+08;

dV1 = [0.0132624893374001;-0.0162513152365047;0.00404609981491367];

% Second
R0 = [1485405.06780172;-657406.095631316;-680629.900620737];
V0 = [-0.0177697087088046;-0.000791170920629478;-0.00146611010214990];
init_epoch = 9.669338486941704e+08;
final_epoch = 9.747785824574080e+08;

dV2 = [-0.000780457537688229;0.00185525021761572;-0.00724844974038747];


%%ODE113

% FIRST
R0 = [-5.618445118318512e+005;  -1.023778587192635e+006;  -1.522315532439711e+005];  
V0 = [5.343825699573794e-001;  -2.686719669693540e-001;  -1.145921728828306e-001];
init_epoch = 958.910668311133e+006;
final_epoch = 9.669336233859944e+08;

dV1 = [0.0132624893374001;-0.0162513152365047;0.00404609981491367];

% Second
R0 = [1485405.06780215;-657406.095631880;-680629.900621046];
V0 = [-0.0177697087085023;-0.000791170921094907;-0.00146611010211011];
init_epoch = 9.669338486941772e+08;
final_epoch = 9.747785824574080e+08;

dV2 = [-0.000780457538397596;0.00185525021798016;-0.00724844974057293];


%% ODE87
% FIRST
R0 = [-5.618445118318512e+005;  -1.023778587192635e+006;  -1.522315532439711e+005];  
V0 = [5.343825699573794e-001;  -2.686719669693540e-001;  -1.145921728828306e-001];
init_epoch = 958.910668311133e+006;
final_epoch = 9.669336233860290e+08

dV1 = [0.0132567757114457;-0.0162165134933847;0.00404055677593769];

% Second
R0 = [1485355.89408617;-657437.430847554;-680702.730169052];
V0 = [-0.0177608431601764;-0.000773147525239532;-0.00145836844290636];
init_epoch = 9.669336233860290e+08;
final_epoch = 9.747785824574080e+08;

dV2 =[-780.848492290756e-006;1.85419489025320e-003;-7.24680207511490e-003];



%% SIMPLE

dV1 = [0.0132570078129473;-0.0162181180451255;0.00404090828139229]; % SIMPLE MODEL


R0 = [1485367.12031569;-657428.270127598;-680699.461858020];
V0 = [-0.0177617504520328;-0.000775359757010090;-0.00145931403368925];
init_epoch = 9.669336658152992e+08;

dV2 = [-0.000780329125759234;0.00185456462506886;-0.00724755300506683]; % SIMPLE MODEL

R0 = [571795.248063988;774524.798770008;617425.044807324];
V0 = [-0.542853934996347;0.286087095663136;0.124776974881589];
init_epoch = 9.747786662250383e+08;
        
dV3 = [0.00254424109611642;-0.00292151913904713;0.00770344830398062];

R0 = [-1446526.38744271;938238.519447725;20843.6699342890];
V0 = [0.0118698741818327;0.00737298755407882;0.00415272897953084];
init_epoch = 9.824284145605837e+08;      
% dV3

dV4 = [-0.00162586499140109;-0.00312521876196878;-0.00808854543148318];

R0 = [-605481.025826688;-1010137.66689355;-148978.987650203];
V0 = [0.511424319378194;-0.288431063072639;-0.126200703172685];
init_epoch = 9.902742157193410e+08;

dV5 = [-0.00291853943612811;-0.00338465273724697;0.00833353096173493];

R0 = [1441893.99780414;-714789.877498610;-698421.856243787];
V0 = [-0.00181347353676022;-0.00775519839178187;-0.00267104564885495];
init_epoch = 9.982928485909765e+08;

dV6 = [-2.35572157926674e-003;-2.40291059445672e-003;-8.72911815866959e-003];

