
% State of the next one is the state of the previous after the maneuver

%% First
R0 = [-5.618445118318512e+005;  -1.023778587192635e+006;  -1.522315532439711e+005];  
V0 = [5.343825699573794e-001;  -2.686719669693540e-001;  -1.145921728828306e-001];
init_epoch = 958.910668311133e+006;
final_epoch = 9.669342245618324e+08;

dV1 =[0.013253013494674;-0.016233880193270;0.004064826798231];

%% Second
R0 = [1.485501098560668e+06;-6.572989300446642e+05;-6.806558665895328e+05];  
V0 = [-0.017795987006350;-8.390692654019967e-04;-0.001486753270938];
init_epoch = 9.669342245618324e+08;
final_epoch = 9.748490270603652e+08;

dV2 = [0.0164869158912548;0.00941327867913406;-0.00455677332874594];

%% Third
R0 = [560026.658685957;783560.427055242;621334.431612915];
V0 = [-0.548756547101346;0.281533327150605;0.123000521153085];
init_epoch = 9.748490270603652e+08;
final_epoch = 9.824283500767865e+08;

dV3 = [0.0223348530808165;-8.53154331771334e-05;0.00365515757356929];

%% Fourth - doesn't work when applied after three months



% Apply after 1.5 months when x = 0!
R0 = [-1447522.71235131;938357.823129112;22691.6506246949];
V0 = [0.00640971096544824;-0.000955550545351669;0.000543973359516699];
init_epoch = 9.824283500767865e+08;
final_epoch = 9.902741246238446e+08;

dV4 = [];

%% Fifth

% cross x=0 in the upper part of the orbit after
% between 9.642227534332143e+08 9.642254534332143e+08 - difference 2700
% seconds. Approximately in between, so potential epoch is 964.224103433214e+006

% that happens after 5.31343512208092e+006 seconds or 2.02 months!


% Second approach
% maximum Y happens after 1.54 months or 4.05183963569796e+006 seconds
% VY = 1e-5. say..almost zero

% try to reach Vy = 0; Y = 878.845909118048e+003 km in L2 frame; after 1.54
% months


