
% State of the next one is the state of the previous after the maneuver

%% First
R0 = [-5.618445118318512e+005;  -1.023778587192635e+006;  -1.522315532439711e+005];  
V0 = [5.343825699573794e-001;  -2.686719669693540e-001;  -1.145921728828306e-001];
init_epoch = 958.910668311133e+006;
final_epoch = 9.669342245618324e+08;

dV1 = [ 13.2564555936480e-003;-16.2165165077280e-003;4.03554711782661e-003];

%% Second
R0 = [1.48529760318229e+006;-6.57082469514976e+005;-6.80554647691743e+005];  
V0 = [-17.6089143212389e-003;-790.596318730594e-006;-1.41794858234358e-003];
init_epoch = 9.669342245618324e+08;
final_epoch = 9.747786247088768e+08;

dV2 = [];

% Went to sleep
% start with these
    133.349246287234e+003
   -24.5577495593972e+003
    14.4831301367675e+003
    41.0985888602401e-003
    66.6738218201503e-003
    6.79212462796118e-003

maneuver
    16.8914651884733e-003
   -16.4740741092695e-003
    14.1603503043862e-003

t
    974.778624708877e+006

%% Third
R0 = [560026.658685957;783560.427055242;621334.431612915];
V0 = [-0.548756547101346;0.281533327150605;0.123000521153085];
init_epoch = 9.748490270603652e+08;
final_epoch = 9.824283500767865e+08;

dV3 = [0.0223348530808165;-8.53154331771334e-05;0.00365515757356929];

%% Fourth
% Apply after 1.5 months when x = 0!
R0 = [-1447522.71235131;938357.823129112;22691.6506246949];
V0 = [0.00640971096544824;-0.000955550545351669;0.000543973359516699];
init_epoch = 9.824283500767865e+08;
final_epoch = 9.902741246238446e+08;

dV4 = [];
