
% State of the next one is the state of the previous after the maneuver

%% First
R0 = [-5.618445118318512e+005;  -1.023778587192635e+006;  -1.522315532439711e+005];  
V0 = [5.343825699573794e-001;  -2.686719669693540e-001;  -1.145921728828306e-001];
init_epoch = 958.910668311133e+006;
final_epoch = 9.669342245618324e+08;

dV1 = [ 13.2564555936480e-003;-16.2165165077280e-003;4.03554711782661e-003];

%% Second
R0 = [1.48529760318229e+006;-6.57082469514976e+005;-6.80554647691743e+005];  
V0 = [-17.6089143212389e-003;-790.596318730594e-006;-1.41794858234358e-003];
init_epoch = 9.669342245618324e+08;
final_epoch = 9.747786247088768e+08;

dV2 = [0.0182667725875410;0.0190859273702657;-0.000766113817858150];


%% Third
R0 = [571802.340000023;774519.499999991;617422.550000018];
V0 = [-0.545772065330457;0.272718896038855;0.123360154235894];
init_epoch = 9.747786247088768e+08;
final_epoch = 9.824283500767865e+08;

dV3 = [0.00501315973604774;0.0101117482930497;0.00951736755737261];

%% Fourth
R0 = [-1446510.99999996;938252.799999968;20850.3719999881];
V0 = [0.0179244847299151;0.00750188496460330;0.00363911147968070];
init_epoch = 9.824283500767865e+08;
final_epoch = 9.902741246238446e+08;


dV4 = [-7.68035502635079e-003;-3.25624481701962e-003;-7.58156510220702e-003];

%% Fifth

R0 = [-6.05487505154821e+005;-1.01012602798113e+006;-1.48976351540980e+005];
V0 = [511.424488127811e-003;-288.436177303014e-003;-126.196496781444e-003];
init_epoch = 9.902741246238446e+08;
final_epoch = 9.982927336197942e+08;

dV5 = [-0.00292609048213780;-0.00337127345260950;0.00828755056518065];


%% Sixth

R0 = [1441867.00000083;-714815.699000797;-698432.680000360];
V0 = [-0.00180416368562985;-0.00778595175744212;-0.00264024278703223];
init_epoch = 9.982927336197942e+08;
final_epoch = 1.006143146045806e+09;

dV6 = [];




